808862 6473065 529418 0
812620 6479365 544684 0
819835 6472365 528948 0
821491 6473545 529616 0
806782 6471385 529224 0
807212 6496755 529560 0
821504 6471385 529224 0
804352 6473025 527847 0
821500 6471385 529224 0
809943 6473185 528332 0
827225 6473185 528332 0
819237 6472335 531349 0
753225 6473535 528510 0
809919 6471855 531512 0
819231 6471425 530648 0
636979 6473095 530370 0
526827 6471745 528943 0
790641 6472315 531251 0
629858 6470455 530106 0
533090 6470505 530011 0
502159 6470065 531318 0
791974 6470135 531737 0
572021 6471105 529952 0
647316 6471605 530764 0
702443 6472835 527974 0
758265 6471285 529551 0
678799 6471135 529115 0
790760 6473815 529320 0
655286 6470105 531538 0
540640 6476045 528219 0
507388 6471455 530169 0
593473 6472565 528967 0
760321 6473235 529679 0
539008 6473025 527969 0
673468 6472315 531251 0
524695 6473245 529512 0
514384 6471115 530146 0
653215 6470335 536282 0
345052 6470925 530376 0
377435 6474545 522398 0
489033 6474545 522398 0
683535 6473815 529320 0
686460 6472555 530978 0
577601 6476525 529325 0
827963 6470015 531729 0
363402 6473235 529679 0
682321 6470105 531538 0
323324 6471865 529175 0
402674 6470335 536282 0
816542 6471105 530099 0
656401 6473055 528055 0
542023 6473225 529857 0
588545 6473535 528510 0
655860 6473545 529616 0
344349 6471785 528747 0
521233 6471045 529745 0
696677 6469675 531972 0
479402 6474625 520795 0
315096 6471095 536113 0
809240 6471105 530099 0
703527 6470585 530094 0
754487 6469825 531603 0
682335 6473675 529293 0
822259 6589225 543067 0
822250 6589225 543067 0
798966 6588065 543256 0
822215 6589225 543067 0
798960 6588065 543256 0
822149 6589145 543042 0
822268 6589225 543067 0
822260 6589225 543067 0
822164 6589225 543067 0
822154 6589225 543067 0
822166 6589225 543067 0
798944 6588065 543256 0
798961 6588065 543256 0
822264 6589225 543067 0
822158 6589225 543067 0
761943 6589435 544125 0
798968 6588065 543256 0
798947 6588065 543256 0
798962 6588065 543256 0
798971 6588065 543256 0
798986 6588065 543256 0
822253 6589225 543067 0
798581 6588065 543256 0
798982 6588065 543256 0
798954 6588065 543256 0
822270 6589225 543067 0
822258 6589225 543067 0
798992 6588065 543256 0
798930 6588065 543256 0
642983 6457865 410916 0
485168 6457485 412622 0
339701 6457515 412628 0
644857 6458205 411273 0
805536 6458845 411396 0
805534 6457245 409402 0
509989 6457825 410851 0
339705 6457515 412628 0
733517 6457625 410681 0
515915 6458175 411231 0
574273 6458205 411273 0
485041 6457485 412622 0
805693 6458145 410820 0
812317 6472875 528854 0
624453 6471525 536586 0
699034 6471015 529859 0
529357 6471995 530062 0
618625 6471395 529541 0
507671 6472055 531797 0
743973 6478875 512809 0
672006 6470475 536263 0
518986 6471365 529552 0
827037 6469845 531380 0
511756 6472475 531230 0
734942 6485885 521445 0
799374 6471415 530190 0
553739 6470285 531257 0
690474 6472975 529793 0
611082 6470215 531733 0
621955 6500895 529344 0
674073 6473815 529320 0
616925 6473745 528950 0
567356 6474025 538264 0
539648 6473615 529176 0
753280 6470195 531344 0
510842 6472435 531044 0
590827 6470885 529105 0
603514 6470735 529656 0
788619 6472545 530030 0
592996 6471365 529552 0
728102 6471805 529731 0
486462 6470735 529470 0
554998 6473545 529616 0
801748 6474455 520877 0
797442 6471985 529698 0
823411 6589205 542375 0
795972 6472875 527983 0
783067 6494085 545647 0
796545 6471335 530333 0
800605 6485885 521557 0
825448 6474025 538264 0
821383 6472385 528814 0
783064 6496165 529452 0
808888 6476735 529424 0
822162 6473265 529469 0
822950 6470655 531208 0
790999 6469795 532294 0
816841 6471335 530333 0
802805 6470135 531363 0
816548 6470885 529105 0
797935 6472955 527821 0
786136 6472475 531230 0
790991 6496735 529249 0
802820 6470645 530152 0
770364 6470665 385227 0
767323 6475475 429031 0
800710 6457185 409433 0
801749 6474345 393790 0
786598 6458425 410941 0
781971 6486445 434538 0
778007 6458985 411110 0
666374 6472265 528622 0
665986 6472265 528622 0
777936 6473235 529679 0
666294 6472265 528622 0
666020 6472265 528622 0
754461 6472915 528322 0
585964 6471555 528547 0
665473 6472265 528622 0
730225 6471075 529237 0
666009 6472265 528622 0
665988 6472265 528622 0
585364 6470685 529795 0
666024 6472265 528622 0
665440 6472265 528622 0
742395 6469725 531825 0
738919 6470615 530053 0
745047 6473245 529512 0
666372 6472265 528622 0
665472 6472265 528622 0
665436 6472265 528622 0
665483 6472265 528622 0
694857 6470655 530996 0
666303 6472265 528622 0
666358 6472265 528622 0
821305 6471655 530118 0
665442 6472265 528622 0
666382 6472265 528622 0
666632 6472265 528622 0
665428 6472265 528622 0
665992 6472265 528622 0
666488 6472265 528622 0
665984 6472265 528622 0
666510 6472265 528622 0
585501 6472875 527896 0
666370 6472265 528622 0
666306 6472265 528622 0
666650 6472265 528622 0
666668 6472265 528622 0
666659 6472265 528622 0
666356 6472265 528622 0
666007 6472265 528622 0
666664 6472265 528622 0
821433 6469965 531580 0
666003 6472265 528622 0
666352 6472265 528622 0
665471 6472265 528622 0
585962 6470685 529795 0
666026 6472265 528622 0
665998 6472265 528622 0
666006 6472265 528622 0
666021 6472265 528622 0
767689 6472045 527867 0
665476 6472265 528622 0
666554 6472265 528622 0
665474 6472265 528622 0
585498 6470825 529309 0
665989 6472265 528622 0
678355 6471115 529838 0
666627 6472265 528622 0
665433 6472265 528622 0
666361 6472265 528622 0
666492 6472265 528622 0
665441 6472265 528622 0
665481 6472265 528622 0
665435 6472265 528622 0
665468 6472265 528622 0
666351 6472265 528622 0
666355 6472265 528622 0
662740 6473235 529679 0
666002 6472265 528622 0
666667 6472265 528622 0
666369 6472265 528622 0
587168 6470455 530106 0
559519 6470015 531628 0
666642 6472265 528622 0
666309 6472265 528622 0
665437 6472265 528622 0
665994 6472265 528622 0
665439 6472265 528622 0
673578 6469935 531716 0
587165 6469685 531874 0
666297 6472265 528622 0
666022 6472265 528622 0
666000 6472265 528622 0
665443 6472265 528622 0
666174 6472265 528622 0
666637 6472265 528622 0
727556 6470645 529486 0
714022 6471015 530939 0
593724 6471385 528604 0
727553 6470645 529486 0
487555 6471385 530088 0
530013 6459795 514756 0
732117 6470535 529949 0
781230 6474095 661582 0
714025 6471015 530939 0
744880 6473745 528950 0
729737 6470935 528913 0
704721 6471195 529553 0
528785 6473545 529515 0
463974 6470675 529661 0
383948 6471125 530082 0
727561 6470645 529486 0
683129 6471355 529056 0
528911 6473545 529515 0
729734 6470935 528913 0
727564 6470665 529469 0
729731 6470935 528913 0
557018 6470685 529795 0
625112 6474625 520796 0
615361 6471945 529980 0
644347 6473095 530370 0
638256 6471655 529210 0
542224 6472475 531230 0
463991 6470675 529661 0
417670 6470995 529315 0
732114 6473675 529293 0
808630 6472425 528530 0
803990 6472955 527821 0
670306 6471375 530547 0
732119 6470115 531623 0
648598 6471385 528604 0
648597 6471355 529056 0
417380 6470535 529949 0
339086 6471315 529765 0
707674 6471385 529224 0
729728 6470935 528913 0
418773 6471745 528912 0
738214 6470935 528913 0
707672 6471385 529224 0
463983 6470675 529661 0
603869 6470015 531729 0
659759 6471755 529265 0
642946 6471895 529101 0
738209 6470935 528913 0
411403 6470965 529651 0
799154 6470815 535827 0
463987 6470675 529661 0
628556 6471385 528604 0
453309 6471275 530453 0
689712 6472405 531404 0
740405 6471055 530789 0
709205 6473875 538115 0
790804 6470285 531257 0
724259 6473575 528828 0
730055 6476605 528749 0
804711 6473615 529176 0
801746 6471305 530416 0
678784 6471045 529745 0
825427 6471035 531036 0
771884 6473615 529176 0
693802 6473615 529176 0
502268 6471745 528913 0
710102 6471715 530103 0
745467 6530415 524883 0
402410 6500965 562209 0
574212 6470315 531481 0
372515 6470515 532134 0
594923 6474185 528897 0
745414 6528965 525414 0
482181 6470315 531481 0
784496 6471835 529454 0
642483 6470515 532134 0
217807 6469825 531878 0
652415 6470515 532134 0
698590 6471825 529407 0
520172 6467125 541169 0
745401 6528625 524176 0
664723 6471825 529407 0
384843 6471765 529478 0
799002 6588065 543256 0
781920 6586805 539328 0
799029 6588065 543256 0
781913 6586805 539328 0
763729 6589145 543042 0
781630 6586805 539328 0
781973 6584055 537035 0
784559 6582715 535720 0
781918 6586805 539328 0
768178 6589145 543042 0
768185 6589145 543042 0
808262 6586305 537927 0
781951 6585805 538320 0
819061 6586805 539328 0
781921 6586805 539328 0
801003 6585455 541625 0
794865 6589145 543042 0
781914 6586805 539328 0
814257 6470875 382038 0
534407 6457875 410950 0
817788 6458145 411085 0
700507 6458515 410703 0
800592 6471325 530522 0
576581 6474035 529408 0
576568 6474035 529408 0
576571 6474035 529408 0
576577 6474715 529328 0
643546 6474035 529578 0
539633 6473385 530937 0
578086 6473065 531249 0
550425 6473395 531105 0
572357 6473995 529719 0
784959 6471625 529808 0
792322 6471685 529371 0
327648 6469675 531719 0
743639 6471925 529273 0
821434 6471835 529454 0
339995 6474745 529433 0
743622 6471925 529273 0
771351 6471715 529479 0
578726 6470555 531859 0
548794 6470665 532283 0
532904 6473275 528501 0
821030 6470665 532283 0
578718 6470555 531859 0
793199 6470665 532283 0
578723 6470555 531859 0
743637 6471925 529273 0
809940 6433705 527911 0
535184 6472875 528156 0
573245 6471835 529454 0
784608 6471625 529808 0
743594 6471925 529273 0
535198 6472845 527895 0
556887 6470665 532283 0
531581 6471645 529496 0
743608 6471925 529273 0
743628 6471925 529273 0
556888 6470665 532283 0
499447 6471005 529250 0
370012 6473335 528285 0
664305 6471835 529454 0
743641 6471925 529273 0
725777 6425905 524149 0
402729 6471435 528741 0
534835 6471315 530456 0
644358 6471715 529432 0
575022 6470555 531859 0
530778 6471685 530142 0
384355 6438075 529672 0
655399 6470515 532134 0
697072 6470775 532275 0
644352 6471715 529432 0
679229 6472435 529152 0
702911 6471635 530821 0
816221 6473115 529562 0
781968 6584055 537035 0
625114 6478835 535011 0
796785 6480735 379797 0
709302 6471465 535017 0
528412 6463425 516195 0
768310 6456115 424368 0
342798 6472775 504976 0
610657 6471525 534534 0
696017 6473295 373108 0
719177 6473035 393522 0
745560 6459715 534174 0
674647 6470875 529774 0
552726 6472715 528722 0
319891 6469135 532749 0
717714 6473145 528303 0
311961 6474185 522236 0
273407 6463295 516115 0
738215 6473345 526833 0
712040 6475055 517627 0
363384 6459365 537501 0
355248 6474395 522348 0
755291 6474525 521229 0
311964 6474195 522177 0
768086 6580225 621215 0
768325 6456205 424225 0
582325 6462725 423014 0
820172 6459395 409108 0
738263 6472945 430527 0
617448 6457295 410124 0
567393 6472855 431516 0
819131 6483165 430225 0
755660 6451055 387663 0
719143 6472755 393428 0
811044 6492575 464420 0
757694 6472435 535411 0
814275 6468585 516780 0
809942 6421975 524477 0
814971 6468585 516780 0
753250 6456235 528533 0
781618 6473025 528306 0
736042 6471005 536569 0
699558 6486915 531288 0
792888 6472535 535280 0
695542 6429045 535213 0
734916 6471435 530633 0
311953 6474175 522272 0
506999 6472395 533754 0
601059 6472655 524049 0
716148 6468285 533642 0
642546 6491245 556670 0
783173 6467645 533579 0
402710 6473435 529597 0
746206 6471715 529479 0
595622 6470965 536506 0
806473 6444455 528393 0
691808 6472955 538919 0
742855 6469355 532679 0
819840 6474915 517980 0
737415 6457755 423428 0
816613 6458145 411085 0
410738 6470155 384612 0
723752 6458245 410989 0
629876 6472425 535197 0
584561 6472985 530160 0
728900 6472425 528616 0
560983 6472345 527280 0
700105 6435945 546609 0
623566 6440005 529391 0
709640 6436095 546288 0
626041 6465605 534768 0
624747 6475705 523016 0
626608 6479515 535414 0
617842 6468825 533061 0
753631 6473725 524718 0
512664 6467085 533900 0
726184 6475405 539670 0
783572 6459195 534019 0
619074 6494465 530000 0
513435 6473745 524953 0
809352 6472995 529563 0
743540 6471735 533644 0
801500 6471405 536520 0
824080 6471165 529841 0
815306 6472735 528573 0
824192 6472675 534035 0
805836 6491235 446436 0
785013 6463055 400413 0
784962 6465065 409694 0
796190 6466355 403506 0
773247 6471555 528547 0
730830 6472945 528540 0
682473 6472325 535205 0
669808 6466635 540704 0
642514 6471055 530017 0
728303 6466645 540709 0
666131 6461855 534386 0
688846 6473415 530135 0
581619 6472235 531855 0
738922 6468205 533219 0
324835 6472845 529239 0
476028 6470795 530921 0
742313 6470695 529562 0
476121 6470845 529441 0
821486 6473435 528944 0
443640 6472245 536036 0
584637 6474395 538825 0
679249 6468315 533567 0
383630 6438045 529616 0
679103 6419855 523445 0
737235 6471435 537077 0
695128 6471195 530468 0
692939 6471355 528696 0
670305 6471225 535347 0
494078 6457515 412631 0
787737 6467785 407959 0
658206 6472515 530838 0
528528 6473085 529117 0
488502 6457485 412622 0
488506 6457485 412622 0
559147 6472305 531157 0
494073 6457515 412631 0
462257 6470965 529651 0
495843 6459735 514386 0
581654 6472235 531855 0
581698 6472915 528322 0
812373 6472735 528573 0
542239 6470525 530526 0
528537 6472905 529178 0
640509 6471705 530013 0
581675 6471555 528547 0
814967 6468595 517032 0
814885 6468595 516838 0
814963 6468535 516753 0
361762 6475835 540711 0
351056 6471395 534771 0
351053 6471395 534771 0
573865 6476065 526359 0
610732 6471555 534580 0
445165 6469775 533126 0
352958 6475295 534031 0
474830 6469895 533152 0
473222 6477795 527074 0
374978 6459415 537614 0
449125 6475545 528836 0
460857 6467245 536586 0
251071 6465095 535663 0
644488 6467365 536629 0
594926 6474155 529046 0
418983 6472635 523551 0
390496 6464115 535320 0
363432 6462435 539033 0
473217 6477885 527131 0
699011 6574915 522652 0
777412 6560945 567281 0
777492 6560745 567302 0
698302 6574885 522856 0
699007 6574885 522760 0
699001 6574925 522894 0
777439 6560805 567261 0
777417 6560915 567287 0
699017 6574865 522687 0
699014 6574885 522736 0
777342 6560965 567226 0
777495 6560785 567336 0
777448 6560775 567279 0
777390 6560955 567083 0
699003 6574885 522784 0
777422 6560845 567225 0
699020 6574845 522636 0
699016 6574875 522708 0
777505 6560775 567358 0
777403 6560925 567247 0
777453 6560805 567319 0
699019 6574865 522593 0
777394 6560955 567326 0
722961 6463875 401467 0
381309 6468785 404703 0
693145 6454425 400811 0
381304 6468785 404748 0
290918 6454045 389347 0
693120 6454375 400858 0
379740 6481255 458277 0
767986 6448055 392631 0
381217 6450975 396791 0
692692 6454355 400858 0
448564 6498265 431279 0
693131 6454375 400858 0
381138 6450965 396688 0
367101 6428425 388672 0
608254 6493885 406420 0
700501 6458835 420147 0
768175 6493845 401538 0
642984 6457635 413404 0
253228 6451375 386654 0
367097 6464515 420313 0
496929 6461825 395892 0
811035 6492625 464538 0
817791 6458145 411085 0
612224 6454585 424925 0
443087 6457665 412997 0
494346 6475815 445954 0
565390 6469505 534956 0
586412 6472785 523775 0
565504 6469335 534944 0
565515 6469545 534976 0
799033 6474785 528123 0
304814 6471205 508156 0
542559 6475955 525619 0
798999 6475845 528791 0
799636 6476715 529809 0
799619 6474865 528129 0
799004 6475785 528429 0
565532 6469525 534987 0
799042 6473355 528323 0
565496 6469355 534920 0
537001 6473065 531249 0
510797 6474855 517308 0
799624 6476835 529923 0
799030 6475205 528690 0
799680 6476665 529705 0
634772 6458375 539082 0
541665 6472825 537881 0
799614 6474915 528137 0
798995 6475085 528639 0
799039 6474945 528159 0
808990 6452025 528176 0
785159 6475015 539365 0
790867 6430845 383631 0
784270 6466945 412178 0
781943 6488415 447944 0
784256 6460565 419678 0
779707 6489605 445834 0
688854 6454965 506860 0
585216 6472415 533898 0
658290 6472025 527386 0
719926 6465415 535625 0
570567 6476935 525363 0
529301 6472805 528621 0
410925 6470685 530952 0
570558 6477105 525679 0
512876 6476175 526420 0
443620 6463745 536291 0
683374 6470825 530902 0
570568 6477095 525399 0
593716 6470835 530884 0
427685 6470405 532258 0
570566 6477075 525546 0
406931 6477785 544438 0
529306 6472705 528842 0
808766 6472395 533845 0
450445 6472845 531211 0
635741 6466365 540500 0
570564 6476925 525507 0
410947 6470485 530632 0
535991 6473195 529078 0
570187 6477055 525671 0
540601 6472575 528538 0
716226 6477945 528154 0
716201 6478105 528529 0
701495 6471645 530894 0
701491 6471635 530821 0
708773 6478115 527933 0
716213 6477995 528052 0
708775 6478175 527885 0
716211 6477965 528178 0
716228 6477935 528096 0
676502 6472535 533847 0
708792 6478115 528551 0
