808862	58.2349293794802	24.3011172000297	0.000
812620	58.2708249316568	24.4555408812481	0.000
819835	58.2326781852868	24.2941918651030	0.000
821491	58.2404759873534	24.3023584929846	0.000
806782	58.2255040747873	24.2958458166776	0.000
807212	58.3634943956468	24.3030972938314	0.000
821504	58.2255040747873	24.2958458166776	0.000
804352	58.2348371619750	24.2834436421878	0.000
821500	58.2255040747873	24.2958458166776	0.000
809943	58.2353430780347	24.2904366198351	0.000
827225	58.2353430780347	24.2904366198351	0.000
819237	58.2325215803592	24.3209693431165	0.000
753225	58.2404701579870	24.2915481706524	0.000
809919	58.2309659397747	24.3219489191019	0.000
819231	58.2255982457151	24.3126107515532	0.000
636979	58.2350028909754	24.3109795585260	0.000
526827	58.2306743775264	24.2941329356319	0.000
790641	58.2324594651423	24.3203651471890	0.000
629858	58.2224766364550	24.3052295743834	0.000
533090	58.2226405949336	24.3046474543540	0.000
502159	58.2211854520697	24.3206670465874	0.000
791974	58.2214008232375	24.3232480875936	0.000
572021	58.2245813337306	24.3043126378075	0.000
647316	58.2301770950958	24.3133332826990	0.000
702443	58.2342201335555	24.2842171652536	0.000
758265	58.2251729452384	24.3018534793600	0.000
678799	58.2246986585529	24.2951636357100	0.000
790760	58.2413558525431	24.3005483915042	0.000
655286	58.2213090437732	24.3220223966276	0.000
540640	58.2525896284350	24.2858676995968	0.000
507388	58.2257072079054	24.3056644758682	0.000
593473	58.2333241598282	24.2943179078962	0.000
760321	58.2354724867719	24.3027319523063	0.000
539008	58.2348343562072	24.2841947254950	0.000
673468	58.2324594651423	24.3203651471890	0.000
524695	58.2355088812340	24.3017042447965	0.000
514384	58.2246088535323	24.3055068621786	0.000
653215	58.2219199583185	24.3712191035885	0.000
345052	58.2239890154171	24.3109130874295	0.000
377435	58.2438628722728	24.2259504499822	0.000
489033	58.2438628722728	24.2259504499822	0.000
683535	58.2413558525431	24.3005483915042	0.000
686460	58.2332421741024	24.3146964354058	0.000
577601	58.2541148065254	24.3007040561995	0.000
827963	58.2210131770762	24.3231929059035	0.000
363402	58.2354724867719	24.3027319523063	0.000
682321	58.2213090437732	24.3220223966276	0.000
323324	58.2310566804693	24.2955662450713	0.000
402674	58.2219199583185	24.3712191035885	0.000
816542	58.2245776982901	24.3052171816684	0.000
656401	58.2349293353055	24.2847254985611	0.000
542023	58.2354357987389	24.3038273774983	0.000
588545	58.2404701579870	24.2915481706524	0.000
655860	58.2404759873534	24.3023584929846	0.000
344349	58.2308083206565	24.2929284787303	0.000
521233	58.2243924946000	24.3030360929562	0.000
696677	58.2159078812937	24.3246707112891	0.000
479402	58.2441499863386	24.2120802950806	0.000
315096	58.2243813875944	24.3702224454437	0.000
809240	58.2245776982901	24.3052171816684	0.000
703527	58.2228971116465	24.3051618792171	0.000
754487	58.2204023582050	24.3224083929736	0.000
682335	58.2409040059117	24.3003756960652	0.000
822259	59.2619187520262	24.4532356542543	0.000
822250	59.2619187520262	24.4532356542543	0.000
798966	59.2541635849292	24.4543510384200	0.000
822215	59.2619187520262	24.4532356542543	0.000
798960	59.2541635849292	24.4543510384200	0.000
822149	59.2616611667673	24.4530713176325	0.000
822268	59.2619187520262	24.4532356542543	0.000
822260	59.2619187520262	24.4532356542543	0.000
822164	59.2619187520262	24.4532356542543	0.000
822154	59.2619187520262	24.4532356542543	0.000
822166	59.2619187520262	24.4532356542543	0.000
798944	59.2541635849292	24.4543510384200	0.000
798961	59.2541635849292	24.4543510384200	0.000
822264	59.2619187520262	24.4532356542543	0.000
822158	59.2619187520262	24.4532356542543	0.000
761943	59.2625581503633	24.4639629150781	0.000
798968	59.2541635849292	24.4543510384200	0.000
798947	59.2541635849292	24.4543510384200	0.000
798962	59.2541635849292	24.4543510384200	0.000
798971	59.2541635849292	24.4543510384200	0.000
798986	59.2541635849292	24.4543510384200	0.000
822253	59.2619187520262	24.4532356542543	0.000
798581	59.2541635849292	24.4543510384200	0.000
798982	59.2541635849292	24.4543510384200	0.000
798954	59.2541635849292	24.4543510384200	0.000
822270	59.2619187520262	24.4532356542543	0.000
822258	59.2619187520262	24.4532356542543	0.000
798992	59.2541635849292	24.4543510384200	0.000
798930	59.2541635849292	24.4543510384200	0.000
642983	58.1508989428677	22.2857386320067	0.000
485168	58.1457945256660	22.3042480137962	0.000
339701	58.1458918995662	22.3042807101958	0.000
644857	58.1520236780468	22.2918800365092	0.000
805536	58.1541007459089	22.2925457672465	0.000
805534	58.1447838450343	22.2725454960388	0.000
509989	58.1507649319176	22.2853457410154	0.000
339705	58.1458918995662	22.3042807101958	0.000
733517	58.1501061980527	22.2843314816571	0.000
515915	58.1519236757574	22.2916267046976	0.000
574273	58.1520236780468	22.2918800365092	0.000
485041	58.1457945256660	22.3042480137962	0.000
805693	58.1517967184866	22.2851112848491	0.000
812317	58.2343288148694	24.2936363543315	0.000
624453	58.2257570248021	24.3731575688876	0.000
699034	58.2242927322010	24.3037361612361	0.000
529357	58.2314552147026	24.3050314715685	0.000
618625	58.2255287238090	24.3017970389855	0.000
507671	58.2316049321596	24.3237129267320	0.000
743973	58.2659974574178	24.1309791008440	0.000
672006	58.2223730189824	24.3711101737122	0.000
518986	58.2254314919483	24.3018633406615	0.000
827037	58.2204727831549	24.3210376327041	0.000
511756	58.2329771457015	24.3202437279796	0.000
734942	58.3045327842947	24.2204641205257	0.000
799374	58.2255774004898	24.3057918139191	0.000
553739	58.2218980921624	24.3203025708798	0.000
690474	58.2346293385889	24.3034216578745	0.000
611082	58.2216594978874	24.3232274593194	0.000
621955	58.3848803673961	24.3019526403536	0.000
674073	58.2413558525431	24.3005483915042	0.000
616925	58.2411384881683	24.2942668853263	0.000
567356	58.2417854776136	24.3916338026890	0.000
539648	58.2407128969191	24.2956525304235	0.000
753280	58.2216049580789	24.3208333770583	0.000
510842	58.2328526325302	24.3150968599486	0.000
590827	58.2238908629381	24.2950906920932	0.000
603514	58.2233927088892	24.3024740371376	0.000
788619	58.2332336800461	24.3048604342262	0.000
592996	58.2254314919483	24.3018633406615	0.000
728102	58.2308492614972	24.3029853849316	0.000
486462	58.2233972375569	24.3013296180982	0.000
554998	58.2404759873534	24.3023584929846	0.000
801748	58.2435991077128	24.2125797636596	0.000
797442	58.2314318537942	24.3027906734487	0.000
823411	59.2618792257846	24.4448442604047	0.000
795972	58.2343492118326	24.2842743271199	0.000
783067	58.3503636102714	24.4705406232534	0.000
796545	58.2253152652452	24.3106680073200	0.000
800605	58.3045307933190	24.2211559219499	0.000
825448	58.2417854776136	24.3916338026890	0.000
821383	58.2327460167430	24.2933679507432	0.000
783064	58.3615901211606	24.3024007537571	0.000
808888	58.2547911545692	24.3013237994893	0.000
822162	58.2355745689731	24.3014404306468	0.000
822950	58.2230952402897	24.3200192214705	0.000
790999	58.2202872169650	24.3306574270530	0.000
816841	58.2253152652452	24.3106680073200	0.000
802805	58.2214105397862	24.3209473137897	0.000
816548	58.2238908629381	24.2950906920932	0.000
797935	58.2346115081921	24.2832805184328	0.000
786136	58.2329771457015	24.3202437279796	0.000
790991	58.3634373360246	24.3011700751707	0.000
802820	58.2230896009389	24.3055215628170	0.000
770364	58.2141052359716	22.0219995228804	0.000
767323	58.2449992001249	22.4708375295708	0.000
800710	58.1445922654278	22.2727439464850	0.000
801749	58.2347744115398	22.1100332488041	0.000
786598	58.1527103679370	22.2858142228364	0.000
781971	58.3047612831603	22.5236220621353	0.000
778007	58.1545323093312	22.2907727913343	0.000
666374	58.2323627027880	24.2921807251282	0.000
665986	58.2323627027880	24.2921807251282	0.000
777936	58.2354724867719	24.3027319523063	0.000
666294	58.2323627027880	24.2921807251282	0.000
666020	58.2323627027880	24.2921807251282	0.000
754461	58.2344706331674	24.2903630501169	0.000
585964	58.2300696475656	24.2916872882386	0.000
665473	58.2323627027880	24.2921807251282	0.000
730225	58.2245017982887	24.2959116029805	0.000
666009	58.2323627027880	24.2921807251282	0.000
665988	58.2323627027880	24.2921807251282	0.000
585364	58.2232276990656	24.3033269388866	0.000
666024	58.2323627027880	24.2921807251282	0.000
665440	58.2323627027880	24.2921807251282	0.000
742395	58.2200733484378	24.3237689971302	0.000
738919	58.2229950911948	24.3049110383584	0.000
745047	58.2355088812340	24.3017042447965	0.000
666372	58.2323627027880	24.2921807251282	0.000
665472	58.2323627027880	24.2921807251282	0.000
665436	58.2323627027880	24.2921807251282	0.000
665483	58.2323627027880	24.2921807251282	0.000
694857	58.2231006705799	24.3147148643699	0.000
666303	58.2323627027880	24.2921807251282	0.000
666358	58.2323627027880	24.2921807251282	0.000
821305	58.2303549010751	24.3053600744197	0.000
665442	58.2323627027880	24.2921807251282	0.000
666382	58.2323627027880	24.2921807251282	0.000
666632	58.2323627027880	24.2921807251282	0.000
665428	58.2323627027880	24.2921807251282	0.000
665992	58.2323627027880	24.2921807251282	0.000
666488	58.2323627027880	24.2921807251282	0.000
665984	58.2323627027880	24.2921807251282	0.000
666510	58.2323627027880	24.2921807251282	0.000
585501	58.2343512148489	24.2837387390742	0.000
666370	58.2323627027880	24.2921807251282	0.000
666306	58.2323627027880	24.2921807251282	0.000
666650	58.2323627027880	24.2921807251282	0.000
666668	58.2323627027880	24.2921807251282	0.000
666659	58.2323627027880	24.2921807251282	0.000
666356	58.2323627027880	24.2921807251282	0.000
666007	58.2323627027880	24.2921807251282	0.000
666664	58.2323627027880	24.2921807251282	0.000
821433	58.2208554544157	24.3222738412752	0.000
666003	58.2323627027880	24.2921807251282	0.000
666352	58.2323627027880	24.2921807251282	0.000
665471	58.2323627027880	24.2921807251282	0.000
585962	58.2232276990656	24.3033269388866	0.000
666026	58.2323627027880	24.2921807251282	0.000
665998	58.2323627027880	24.2921807251282	0.000
666006	58.2323627027880	24.2921807251282	0.000
666021	58.2323627027880	24.2921807251282	0.000
767689	58.2316692000710	24.2835239149240	0.000
665476	58.2323627027880	24.2921807251282	0.000
666554	58.2323627027880	24.2921807251282	0.000
665474	58.2323627027880	24.2921807251282	0.000
585498	58.2236920271972	24.3003431538256	0.000
665989	58.2323627027880	24.2921807251282	0.000
678355	58.2246164621670	24.3036116223467	0.000
666627	58.2323627027880	24.2921807251282	0.000
665433	58.2323627027880	24.2921807251282	0.000
666361	58.2323627027880	24.2921807251282	0.000
666492	58.2323627027880	24.2921807251282	0.000
665441	58.2323627027880	24.2921807251282	0.000
665481	58.2323627027880	24.2921807251282	0.000
665435	58.2323627027880	24.2921807251282	0.000
665468	58.2323627027880	24.2921807251282	0.000
666351	58.2323627027880	24.2921807251282	0.000
666355	58.2323627027880	24.2921807251282	0.000
662740	58.2354724867719	24.3027319523063	0.000
666002	58.2323627027880	24.2921807251282	0.000
666667	58.2323627027880	24.2921807251282	0.000
666369	58.2323627027880	24.2921807251282	0.000
587168	58.2224766364550	24.3052295743834	0.000
559519	58.2210158116701	24.3225715932604	0.000
666642	58.2323627027880	24.2921807251282	0.000
666309	58.2323627027880	24.2921807251282	0.000
665437	58.2323627027880	24.2921807251282	0.000
665994	58.2323627027880	24.2921807251282	0.000
665439	58.2323627027880	24.2921807251282	0.000
673578	58.2207549464922	24.3231089586067	0.000
587165	58.2159427784042	24.3240684057413	0.000
666297	58.2323627027880	24.2921807251282	0.000
666022	58.2323627027880	24.2921807251282	0.000
666000	58.2323627027880	24.2921807251282	0.000
665443	58.2323627027880	24.2921807251282	0.000
666174	58.2323627027880	24.2921807251282	0.000
666637	58.2323627027880	24.2921807251282	0.000
727556	58.2231059565267	24.3014239023356	0.000
714022	58.2242656912317	24.3143816274242	0.000
593724	58.2255188414093	24.2920304452925	0.000
727553	58.2231059565267	24.3014239023356	0.000
487555	58.2254829687357	24.3051627063001	0.000
530013	58.1643047525795	24.1505429028727	0.000
732117	58.2227390898115	24.3042674127748	0.000
781230	58.2238588208015	26.4545258914534	0.000
714025	58.2242656912317	24.3143816274242	0.000
744880	58.2411384881683	24.2942668853263	0.000
729737	58.2240570574139	24.2939115753722	0.000
704721	58.2248820041060	24.3018616156015	0.000
528785	58.2404784484342	24.3017366159206	0.000
463974	58.2231986584329	24.3025020109692	0.000
383948	58.2246427623307	24.3051135180146	0.000
727561	58.2231059565267	24.3014239023356	0.000
683129	58.2254111431061	24.2948106079216	0.000
528911	58.2404784484342	24.3017366159206	0.000
729734	58.2240570574139	24.2939115753722	0.000
727564	58.2231710120315	24.3013202312541	0.000
729731	58.2240570574139	24.2939115753722	0.000
557018	58.2232276990656	24.3033269388866	0.000
625112	58.2441499691945	24.2120864541521	0.000
615361	58.2312956360845	24.3045244300102	0.000
644347	58.2350028909754	24.3109795585260	0.000
638256	58.2303770894780	24.2957720329728	0.000
542224	58.2329771457015	24.3202437279796	0.000
463991	58.2231986584329	24.3025020109692	0.000
417670	58.2242413462267	24.3003878853719	0.000
732114	58.2409040059117	24.3003756960652	0.000
808630	58.2328820115868	24.2916216081462	0.000
803990	58.2346115081921	24.2832805184328	0.000
670306	58.2254391847373	24.3119868175705	0.000
732119	58.2213391546225	24.3225457913277	0.000
648598	58.2255188414093	24.2920304452925	0.000
648597	58.2254111431061	24.2948106079216	0.000
417380	58.2227390898115	24.3042674127748	0.000
339086	58.2252646814686	24.3031717609587	0.000
707674	58.2255040747873	24.2958458166776	0.000
729728	58.2240570574139	24.2939115753722	0.000
418773	58.2306751162699	24.2939421495698	0.000
738214	58.2240570574139	24.2939115753722	0.000
707672	58.2255040747873	24.2958458166776	0.000
463983	58.2231986584329	24.3025020109692	0.000
603869	58.2210131770762	24.3231929059035	0.000
659759	58.2306989787009	24.3001151066584	0.000
642946	58.2311554209995	24.2951121762502	0.000
738209	58.2240570574139	24.2939115753722	0.000
411403	58.2241362228580	24.3024539658013	0.000
799154	58.2234848739602	24.3644469050761	0.000
463987	58.2231986584329	24.3025020109692	0.000
628556	58.2255188414093	24.2920304452925	0.000
453309	58.2251183330901	24.3114035872059	0.000
689712	58.2327464072044	24.3213113314868	0.000
740405	58.2243987896048	24.3134605788383	0.000
709205	58.2413053570938	24.3907073247861	0.000
790804	58.2218980921624	24.3203025708798	0.000
724259	58.2405919297148	24.2935079719465	0.000
730055	58.2543871720554	24.2931584224887	0.000
804711	58.2407128969191	24.2956525304235	0.000
801746	58.2252162246206	24.3111773343913	0.000
678784	58.2243924946000	24.3030360929562	0.000
825427	58.2243278581247	24.3149794606467	0.000
771884	58.2407128969191	24.2956525304235	0.000
693802	58.2407128969191	24.2956525304235	0.000
502268	58.2306750924518	24.2939483039592	0.000
710102	58.2305492011774	24.3052705942164	0.000
745467	58.5443891906416	24.2554707253469	0.000
402410	58.3838580510470	25.0417192874232	0.000
574212	58.2219892696263	24.3216821084569	0.000
372515	58.2226185900685	24.3257094890568	0.000
594923	58.2425618916571	24.2939605033556	0.000
745414	58.5356917575668	24.2627288053872	0.000
482181	58.2219892696263	24.3216821084569	0.000
784496	58.2309529785006	24.3012819835002	0.000
642483	58.2226185900685	24.3257094890568	0.000
217807	58.2203951711141	24.3241000035093	0.000
652415	58.2226185900685	24.3257094890568	0.000
698590	58.2309217966516	24.3009922598283	0.000
520172	58.2033892083774	24.4210765355580	0.000
745401	58.5346185646878	24.2509835297189	0.000
664723	58.2309217966516	24.3009922598283	0.000
384843	58.2307261462785	24.3014264550718	0.000
799002	59.2541635849292	24.4543510384200	0.000
781920	59.2502298181083	24.4133570513336	0.000
799029	59.2541635849292	24.4543510384200	0.000
781913	59.2502298181083	24.4133570513336	0.000
763729	59.2616611667673	24.4530713176325	0.000
781630	59.2502298181083	24.4133570513336	0.000
781973	59.2334179339658	24.3906499268542	0.000
784559	59.2251284614156	24.3742391788175	0.000
781918	59.2502298181083	24.4133570513336	0.000
768178	59.2616611667673	24.4530713176325	0.000
768185	59.2616611667673	24.4530713176325	0.000
808262	59.2446600778300	24.4004431195456	0.000
781951	59.2430317091918	24.4029025425839	0.000
819061	59.2502298181083	24.4133570513336	0.000
781921	59.2502298181083	24.4133570513336	0.000
801003	59.2417886961659	24.4358264138927	0.000
794865	59.2616611667673	24.4530713176325	0.000
781914	59.2502298181083	24.4133570513336	0.000
814257	58.2144782000092	21.5903559425035	0.000
534407	58.1509337424599	22.2859456618833	0.000
817788	58.1518160866978	22.2907358215076	0.000
700507	58.1529837741092	22.2843425876516	0.000
800592	58.2252782069336	24.3118305799416	0.000
576581	58.2420647920396	24.3011004225212	0.000
576568	58.2420647920396	24.3011004225212	0.000
576571	58.2420647920396	24.3011004225212	0.000
576577	58.2442645789385	24.3006391095431	0.000
643546	58.2420606592689	24.3021472773703	0.000
539633	58.2359258843657	24.3144843585717	0.000
578086	58.2348836099490	24.3203896172943	0.000
550425	58.2359539105814	24.3155192081411	0.000
572357	58.2419279281798	24.3030136837211	0.000
784959	58.2302655886858	24.3034508624781	0.000
792322	58.2304701688807	24.3007642476283	0.000
327648	58.2159145150364	24.3231144897303	0.000
743639	58.2312482493989	24.3001721482599	0.000
821434	58.2309529785006	24.3012819835002	0.000
339995	58.2443589995811	24.3012871959530	0.000
743622	58.2312482493989	24.3001721482599	0.000
771351	58.2305645151079	24.3014302974337	0.000
578726	58.2227551213906	24.3240195806715	0.000
548794	58.2230994561631	24.3306337850939	0.000
532904	58.2356300130198	24.2914811220974	0.000
821030	58.2230994561631	24.3306337850939	0.000
578718	58.2227551213906	24.3240195806715	0.000
793199	58.2230994561631	24.3306337850939	0.000
578723	58.2227551213906	24.3240195806715	0.000
743637	58.2312482493989	24.3001721482599	0.000
809940	58.0237468522064	24.2821321297332	0.000
535184	58.2343452102917	24.2853393465228	0.000
573245	58.2309529785006	24.3012819835002	0.000
784608	58.2302655886858	24.3034508624781	0.000
743594	58.2312482493989	24.3001721482599	0.000
535198	58.2342542734910	24.2837312694441	0.000
556887	58.2230994561631	24.3306337850939	0.000
531581	58.2303378525094	24.3015316823950	0.000
743608	58.2312482493989	24.3001721482599	0.000
743628	58.2312482493989	24.3001721482599	0.000
556888	58.2230994561631	24.3306337850939	0.000
499447	58.2242752353208	24.2959883857083	0.000
370012	58.2358289957474	24.2901539170786	0.000
664305	58.2309529785006	24.3012819835002	0.000
743641	58.2312482493989	24.3001721482599	0.000
725777	57.5826156868825	24.2429121306240	0.000
402729	58.2256772128598	24.2928757738466	0.000
534835	58.2252475431353	24.3114239585503	0.000
644358	58.2305656555718	24.3011410439366	0.000
575022	58.2227551213906	24.3240195806715	0.000
530778	58.2304512693969	24.3055091940618	0.000
384355	58.0458300347649	24.3010656846234	0.000
655399	58.2226185900685	24.3257094890568	0.000
697072	58.2234552022290	24.3305901301682	0.000
644352	58.2305656555718	24.3011410439366	0.000
679229	58.2328995522055	24.2954507603477	0.000
702911	58.2302726131290	24.3136855181075	0.000
816221	58.2350874867138	24.3020060485475	0.000
781968	59.2334179339658	24.3906499268542	0.000
625114	58.2654300649008	24.3558673792333	0.000
796785	58.2701132488333	21.5627176216367	0.000
709302	58.2256093703643	24.3554988577367	0.000
528412	58.1840194152272	24.1634642643172	0.000
768310	58.1421528285422	22.4244099465009	0.000
342798	58.2343384217429	24.0506339306166	0.000
610657	58.2258171324613	24.3525298215607	0.000
696017	58.2253960887573	21.4949786023341	0.000
719177	58.2305182673034	22.1046027698022	0.000
745560	58.1636560117683	24.3456833150705	0.000
674647	58.2238423203900	24.3032066013847	0.000
552726	58.2338148038073	24.2928165280732	0.000
319891	58.2141418332209	24.3334223784335	0.000
717714	58.2352144691228	24.2902562994759	0.000
311961	58.2427022711308	24.2249401312614	0.000
273407	58.1836002895558	24.1629696643486	0.000
738215	58.2358942955068	24.2732144980293	0.000
712040	58.2455900019854	24.1805801856803	0.000
363384	58.1624268545909	24.3820753331079	0.000
355248	58.2433789689215	24.2256372383227	0.000
755291	58.2438192508214	24.2147499956542	0.000
311964	58.2427356728583	24.2245771365624	0.000
768086	59.2034012344776	26.0750007751235	0.000
768325	58.1424347960437	22.4235230272400	0.000
582325	58.1754291429188	22.4113196509679	0.000
820172	58.1557094404237	22.2704393246927	0.000
738263	58.2329095660648	22.4843267859357	0.000
617448	58.1449988771034	22.2809635267413	0.000
567393	58.2326749192421	22.4944234588112	0.000
819131	58.2859202423553	22.4813461844441	0.000
755660	58.1109744147423	22.0524096207285	0.000
719143	58.2256053280935	22.1040712651769	0.000
811044	58.3418219696908	23.2318522150279	0.000
757694	58.2327330757411	24.3619773344485	0.000
814275	58.2126896890631	24.1711925218805	0.000
809942	57.5619067339767	24.2447602077362	0.000
814971	58.2126896890631	24.1711925218805	0.000
753250	58.1445533330111	24.2909181820699	0.000
781618	58.2348265421172	24.2902694374849	0.000
736042	58.2240768503763	24.3730231332625	0.000
699558	58.3116472653094	24.3213123192714	0.000
792888	58.2330601004388	24.3611765253001	0.000
695542	58.0004971307782	24.3543873587919	0.000
734916	58.2256309456182	24.3125189242890	0.000
311953	58.2426692890183	24.2251614822487	0.000
506999	58.2326510054494	24.3437758377690	0.000
601059	58.2337224732390	24.2440474325798	0.000
716148	58.2113701304342	24.3428697148236	0.000
642546	58.3327180365381	24.5825057439114	0.000
783173	58.2053033176448	24.3424486923859	0.000
402710	58.2401209163223	24.3022363948116	0.000
746206	58.2305645151079	24.3014302974337	0.000
595622	58.2239494626296	24.3726332028062	0.000
806473	58.0824816250903	24.2855409796624	0.000
691808	58.2343063315913	24.3956017225530	0.000
742855	58.2148547852680	24.3330031269041	0.000
819840	58.2451323139911	24.1827506375704	0.000
737415	58.1513940311658	22.4144541711481	0.000
816613	58.1518160866978	22.2907358215076	0.000
410738	58.2123992437188	22.0143108325581	0.000
723752	58.1521322194400	22.2901334494408	0.000
629876	58.2327069796195	24.3606595463188	0.000
584561	58.2346525941630	24.3056814912209	0.000
728900	58.2328799869334	24.2921509780486	0.000
560983	58.2326521797790	24.2759238348935	0.000
700105	58.0344181843562	24.4722585197384	0.000
623566	58.0600748930409	24.2954385321873	0.000
709640	58.0349151605449	24.4703116816665	0.000
626041	58.1946763715369	24.3536475020189	0.000
624747	58.2516006158102	24.2337986107175	0.000
626608	58.2716161677031	24.3623899393255	0.000
617842	58.2131314243347	24.3353251871860	0.000
753631	58.2411674446771	24.2522072570440	0.000
512664	58.2034844194805	24.3443924390727	0.000
726184	58.2502005574221	24.4043775198245	0.000
783572	58.1619796457161	24.3447047454406	0.000
619074	58.3520821110410	24.3057135003362	0.000
513435	58.2412272774344	24.2536550729846	0.000
809352	58.2346996062294	24.3020066366201	0.000
743540	58.2305208673872	24.3430639198354	0.000
801500	58.2253711613133	24.3727445420670	0.000
824080	58.2247779952703	24.3036324222044	0.000
815306	58.2338829638643	24.2919001932415	0.000
824192	58.2335481476801	24.3455204268312	0.000
805836	58.3328274384811	23.0447033324938	0.000
785013	58.1748558020443	22.1805548126457	0.000
784962	58.1900750362310	22.2732338458359	0.000
796190	58.1937681781175	22.2110400674594	0.000
773247	58.2300696475656	24.2916872882386	0.000
730830	58.2345624900005	24.2917064534509	0.000
682473	58.2323835378371	24.3607032647486	0.000
669808	58.2018211592126	24.4141870587442	0.000
642514	58.2244181216302	24.3047102528009	0.000
728303	58.2018533124163	24.4142184259093	0.000
666131	58.1745667876698	24.3510988125519	0.000
688846	58.2400430313386	24.3055479247254	0.000
581619	58.2321851932797	24.3240789014160	0.000
738922	58.2111231998978	24.3402645879924	0.000
324835	58.2342226356620	24.3000050988981	0.000
476028	58.2235550811102	24.3142602038632	0.000
742313	58.2232657155582	24.3018938210545	0.000
476121	58.2237534764648	24.3011562645846	0.000
821486	58.2401366688656	24.2942158523234	0.000
443640	58.2321005822966	24.3658136513278	0.000
584637	58.2429635184575	24.3951108373883	0.000
679249	58.2114691683678	24.3424101278474	0.000
383630	58.0457344257734	24.3007226018669	0.000
679103	57.5510746327131	24.2344123389238	0.000
737235	58.2254512404142	24.3801738690549	0.000
695128	58.2248593861304	24.3114920690582	0.000
692939	58.2254197059405	24.2925952476052	0.000
670305	58.2248241031240	24.3615163044293	0.000
494078	58.1458921146674	22.3042990985882	0.000
787737	58.2027342574736	22.2541878362354	0.000
658206	58.2331164544009	24.3138327139902	0.000
528528	58.2350012819204	24.2952650219957	0.000
488502	58.1457945256660	22.3042480137962	0.000
488506	58.1457945256660	22.3042480137962	0.000
559147	58.2324295605694	24.3157860668413	0.000
494073	58.1458921146674	22.3042990985882	0.000
462257	58.2241362228580	24.3024539658013	0.000
495843	58.1641152469415	24.1442712553916	0.000
581654	58.2321851932797	24.3240789014160	0.000
581698	58.2344706331674	24.2903630501169	0.000
812373	58.2338829638643	24.2919001932415	0.000
542239	58.2226924000868	24.3118169041819	0.000
528537	58.2344180320761	24.2956323240079	0.000
640509	58.2305191083673	24.3047162350539	0.000
581675	58.2300696475656	24.2916872882386	0.000
814967	58.2127185042248	24.1727425020808	0.000
814885	58.2127212086065	24.1715494657451	0.000
814963	58.2125284514209	24.1710251692376	0.000
361762	58.2515558397438	24.4148174079633	0.000
351056	58.2253901940035	24.3539812062345	0.000
351053	58.2253901940035	24.3539812062345	0.000
573865	58.2526961312202	24.2704087379702	0.000
610732	58.2259127861393	24.3528145280873	0.000
445165	58.2202001664402	24.3357742197777	0.000
352958	58.2500163682786	24.3456358202727	0.000
474830	58.2205873111106	24.3359403850261	0.000
473222	58.2622719795330	24.2748876771613	0.000
374978	58.1625849744850	24.3827714976343	0.000
449125	58.2509590462792	24.2936464661272	0.000
460857	58.2039236654102	24.3729122459934	0.000
251071	58.1930020731047	24.3631184944594	0.000
644488	58.2043102217865	24.3731834519587	0.000
594926	58.2424613692649	24.2948767092092	0.000
418983	58.2336675961997	24.2409810427941	0.000
390496	58.1858446155208	24.3609570713499	0.000
363432	58.1803012215859	24.3956607484253	0.000
473217	58.2625615972885	24.2752428635684	0.000
699011	59.1842460378534	24.2351801845654	0.000
777412	59.1054091497179	25.1036859835282	0.000
777492	59.1047617108897	25.1037960976325	0.000
698302	59.1841451652162	24.2404684754931	0.000
699007	59.1841470173320	24.2358616919441	0.000
699001	59.1842736914954	24.2407101757240	0.000
777439	59.1049579099306	25.1035446024796	0.000
777417	59.1053118723297	25.1037204447456	0.000
699017	59.1840837896864	24.2353995327965	0.000
699014	59.1841474791429	24.2357099960284	0.000
777342	59.1054768917180	25.1033419129446	0.000
777495	59.1048890317147	25.1040145716084	0.000
777448	59.1048599523236	25.1036546118282	0.000
777390	59.1054526721425	25.1024404822261	0.000
699003	59.1841465550339	24.2400133878484	0.000
777422	59.1050891995324	25.1033223709593	0.000
699020	59.1840201364812	24.2350764315694	0.000
699016	59.1841157019042	24.2355326417463	0.000
777505	59.1048554707566	25.1041519711065	0.000
777403	59.1053464522226	25.1034697121564	0.000
777453	59.1049546210334	25.1039097552799	0.000
699019	59.1840855898494	24.2348053933708	0.000
777394	59.1054389097676	25.1039704075535	0.000
722961	58.1815912086553	22.1908973159720	0.000
381309	58.2057146135311	22.2220305032380	0.000
693145	58.1310028389624	22.1843305229113	0.000
381304	58.2057181418491	22.2223070941558	0.000
290918	58.1247888605243	22.0701980113229	0.000
693120	58.1308450989764	22.1846260443147	0.000
379740	58.2810390449229	23.1705922656078	0.000
767986	58.0937283063807	22.1033015611466	0.000
381217	58.1115218122336	22.1442663182068	0.000
692692	58.1307804743448	22.1846291254660	0.000
448564	58.3707788459314	22.4902069917491	0.000
693131	58.1308450989764	22.1846260443147	0.000
381138	58.1114807877916	22.1436377543705	0.000
367101	57.5859499168144	22.0704675576756	0.000
608254	58.3429532548943	22.2328834421842	0.000
700501	58.1546735300747	22.3822059011880	0.000
768175	58.3424357564130	22.1826901050209	0.000
642984	58.1503350694430	22.3130210187711	0.000
253228	58.1119150412816	22.0421808730639	0.000
367097	58.1850397956685	22.3825177093032	0.000
496929	58.1705031640100	22.1330092044491	0.000
811035	58.3419870427183	23.2325794772502	0.000
817791	58.1518160866978	22.2907358215076	0.000
612224	58.1332428132803	22.4320019024351	0.000
443087	58.1504030210013	22.3105221717367	0.000
494346	58.2509702148229	23.0430374876558	0.000
565390	58.2152762057411	24.3550160763600	0.000
586412	58.2341480537365	24.2423655604347	0.000
565504	58.2147270930903	24.3549329606231	0.000
565515	58.2154049141835	24.3551412828518	0.000
799033	58.2445193653863	24.2852205403703	0.000
304814	58.2252466286547	24.0821909459094	0.000
542559	58.2523564553655	24.2618449924589	0.000
798999	58.2519297553400	24.2933828259391	0.000
799636	58.2547171069286	24.3036953125580	0.000
799619	58.2447777973758	24.2852610308843	0.000
799004	58.2517443680891	24.2911499229075	0.000
565532	58.2153399552688	24.3552078451404	0.000
799042	58.2358927521745	24.2903887684943	0.000
565496	58.2147924254235	24.3547864437727	0.000
537001	58.2348836099490	24.3203896172943	0.000
510797	58.2449481581994	24.1746097710823	0.000
799624	58.2551021533769	24.3044034471247	0.000
799030	58.2458635834112	24.2927317241954	0.000
799680	58.2545580533371	24.3030521107403	0.000
634772	58.1551773712911	24.3957141334116	0.000
541665	58.2339190070935	24.3852040321604	0.000
799614	58.2449392187599	24.2853125156728	0.000
798995	58.2454769325522	24.2924121728501	0.000
799039	58.2450356723621	24.2854493493714	0.000
808990	58.1229542006074	24.2845452995436	0.000
785159	58.2449499927127	24.4024746439287	0.000
790867	58.0013011391904	22.0153736203035	0.000
784270	58.2003320341457	22.3002302441901	0.000
781943	58.3157794291450	23.0622616622046	0.000
784256	58.1642333206957	22.3751134340694	0.000
779707	58.3235326516247	23.0411202025080	0.000
688854	58.1407630979114	24.0700415567612	0.000
585216	58.2327116342889	24.3446632627181	0.000
658290	58.2316155048615	24.2805625539818	0.000
719926	58.1940374615855	24.3629028525767	0.000
570567	58.2555293445878	24.2603068405203	0.000
529301	58.2341080826376	24.2921988231490	0.000
410925	58.2231987569020	24.3144456043471	0.000
570558	58.2600721572051	24.2622610929117	0.000
512876	58.2530503396598	24.2707891418380	0.000
443620	58.1846201513867	24.3709002351957	0.000
683374	58.2236525287436	24.3141447531688	0.000
570568	58.2600457347065	24.2605350865752	0.000
593716	58.2236853080350	24.3140344851985	0.000
427685	58.2222597687982	24.3304668219516	0.000
570566	58.2559780028487	24.2614402244183	0.000
406931	58.2617274109176	24.4539135576515	0.000
529306	58.2337796364411	24.2935547851385	0.000
808766	58.2326484712536	24.3443359688428	0.000
450445	58.2341735206095	24.3201448966131	0.000
635741	58.2009553154103	24.4129161560660	0.000
570564	58.2554940018202	24.2611938560974	0.000
410947	58.2225604453631	24.3124671417356	0.000
535991	58.2353577521733	24.2950299398791	0.000
570187	58.2559107192776	24.2622097709795	0.000
540601	58.2333666447757	24.2916775692193	0.000
716226	58.2627321930914	24.2855513587463	0.000
716201	58.2632405644684	24.2918700952488	0.000
701495	58.2303030787911	24.3141352571281	0.000
701491	58.2302726131290	24.3136855181075	0.000
708773	58.2632867692145	24.2841965544810	0.000
716213	58.2628961648276	24.2849248228198	0.000
708775	58.2634818025232	24.2839032953796	0.000
716211	58.2627962779559	24.2857001850720	0.000
716228	58.2627012177210	24.2851933960937	0.000
676502	58.2331009104878	24.3443557149885	0.000
708792	58.2632723676671	24.2920061611303	0.000
